TP	FP	FN	TN	TPR	FPR	Acc
151	1111	0	0	1.0000	1.0000	0.1197
151	1111	0	0	1.0000	1.0000	0.1197
151	1111	0	0	1.0000	1.0000	0.1197
151	1111	0	0	1.0000	1.0000	0.1197
151	1111	0	0	1.0000	1.0000	0.1197
151	1111	0	0	1.0000	1.0000	0.1197
151	1111	0	0	1.0000	1.0000	0.1197
151	1111	0	0	1.0000	1.0000	0.1197
151	1111	0	0	1.0000	1.0000	0.1197
151	1111	0	0	1.0000	1.0000	0.1197
151	1111	0	0	1.0000	1.0000	0.1197
151	1111	0	0	1.0000	1.0000	0.1197
151	1111	0	0	1.0000	1.0000	0.1197
151	1111	0	0	1.0000	1.0000	0.1197
151	1111	0	0	1.0000	1.0000	0.1197
151	1111	0	0	1.0000	1.0000	0.1197
151	1111	0	0	1.0000	1.0000	0.1197
151	1111	0	0	1.0000	1.0000	0.1197
151	1111	0	0	1.0000	1.0000	0.1197
151	1111	0	0	1.0000	1.0000	0.1197
151	1111	0	0	1.0000	1.0000	0.1197
151	1111	0	0	1.0000	1.0000	0.1197
151	1111	0	0	1.0000	1.0000	0.1197
151	1111	0	0	1.0000	1.0000	0.1197
151	1111	0	0	1.0000	1.0000	0.1197
151	1111	0	0	1.0000	1.0000	0.1197
151	1111	0	0	1.0000	1.0000	0.1197
151	1111	0	0	1.0000	1.0000	0.1197
151	1111	0	0	1.0000	1.0000	0.1197
151	1111	0	0	1.0000	1.0000	0.1197
151	1111	0	0	1.0000	1.0000	0.1197
151	1111	0	0	1.0000	1.0000	0.1197
151	1111	0	0	1.0000	1.0000	0.1197
151	1111	0	0	1.0000	1.0000	0.1197
151	1111	0	0	1.0000	1.0000	0.1197
151	1111	0	0	1.0000	1.0000	0.1197
151	1111	0	0	1.0000	1.0000	0.1197
151	1111	0	0	1.0000	1.0000	0.1197
151	1111	0	0	1.0000	1.0000	0.1197
151	1111	0	0	1.0000	1.0000	0.1197
151	1111	0	0	1.0000	1.0000	0.1197
151	1111	0	0	1.0000	1.0000	0.1197
151	1111	0	0	1.0000	1.0000	0.1197
151	1111	0	0	1.0000	1.0000	0.1197
151	1111	0	0	1.0000	1.0000	0.1197
151	1111	0	0	1.0000	1.0000	0.1197
151	1111	0	0	1.0000	1.0000	0.1197
151	1111	0	0	1.0000	1.0000	0.1197
151	1111	0	0	1.0000	1.0000	0.1197
151	1111	0	0	1.0000	1.0000	0.1197
151	1111	0	0	1.0000	1.0000	0.1197
151	1111	0	0	1.0000	1.0000	0.1197
151	1111	0	0	1.0000	1.0000	0.1197
151	1111	0	0	1.0000	1.0000	0.1197
151	1111	0	0	1.0000	1.0000	0.1197
151	1111	0	0	1.0000	1.0000	0.1197
151	1111	0	0	1.0000	1.0000	0.1197
151	1111	0	0	1.0000	1.0000	0.1197
151	1111	0	0	1.0000	1.0000	0.1197
151	1111	0	0	1.0000	1.0000	0.1197
151	1111	0	0	1.0000	1.0000	0.1197
151	1111	0	0	1.0000	1.0000	0.1197
151	1111	0	0	1.0000	1.0000	0.1197
151	1111	0	0	1.0000	1.0000	0.1197
151	1111	0	0	1.0000	1.0000	0.1197
151	1111	0	0	1.0000	1.0000	0.1197
151	1111	0	0	1.0000	1.0000	0.1197
151	1111	0	0	1.0000	1.0000	0.1197
151	1111	0	0	1.0000	1.0000	0.1197
151	1111	0	0	1.0000	1.0000	0.1197
151	1111	0	0	1.0000	1.0000	0.1197
151	1111	0	0	1.0000	1.0000	0.1197
151	1111	0	0	1.0000	1.0000	0.1197
151	1111	0	0	1.0000	1.0000	0.1197
151	1111	0	0	1.0000	1.0000	0.1197
151	1111	0	0	1.0000	1.0000	0.1197
151	1111	0	0	1.0000	1.0000	0.1197
151	1111	0	0	1.0000	1.0000	0.1197
151	1111	0	0	1.0000	1.0000	0.1197
151	1111	0	0	1.0000	1.0000	0.1197
151	1111	0	0	1.0000	1.0000	0.1197
151	1111	0	0	1.0000	1.0000	0.1197
151	1111	0	0	1.0000	1.0000	0.1197
151	1111	0	0	1.0000	1.0000	0.1197
151	1111	0	0	1.0000	1.0000	0.1197
151	1111	0	0	1.0000	1.0000	0.1197
151	1111	0	0	1.0000	1.0000	0.1197
151	1111	0	0	1.0000	1.0000	0.1197
151	1111	0	0	1.0000	1.0000	0.1197
151	1111	0	0	1.0000	1.0000	0.1197
151	1111	0	0	1.0000	1.0000	0.1197
151	1111	0	0	1.0000	1.0000	0.1197
151	1111	0	0	1.0000	1.0000	0.1197
151	1111	0	0	1.0000	1.0000	0.1197
151	1111	0	0	1.0000	1.0000	0.1197
151	1111	0	0	1.0000	1.0000	0.1197
151	1111	0	0	1.0000	1.0000	0.1197
151	1111	0	0	1.0000	1.0000	0.1197
151	1111	0	0	1.0000	1.0000	0.1197
151	1111	0	0	1.0000	1.0000	0.1197
151	1111	0	0	1.0000	1.0000	0.1197
151	1111	0	0	1.0000	1.0000	0.1197
151	1111	0	0	1.0000	1.0000	0.1197
151	1111	0	0	1.0000	1.0000	0.1197
151	1111	0	0	1.0000	1.0000	0.1197
151	1111	0	0	1.0000	1.0000	0.1197
151	1111	0	0	1.0000	1.0000	0.1197
151	1110	0	1	1.0000	0.9991	0.1197
151	1110	0	1	1.0000	0.9991	0.1197
151	1110	0	1	1.0000	0.9991	0.1197
151	1110	0	1	1.0000	0.9991	0.1197
151	1109	0	2	1.0000	0.9982	0.1198
151	1109	0	2	1.0000	0.9982	0.1198
151	1108	0	3	1.0000	0.9973	0.1199
151	1107	0	4	1.0000	0.9964	0.1200
151	1106	0	5	1.0000	0.9955	0.1201
151	1105	0	6	1.0000	0.9946	0.1202
151	1105	0	6	1.0000	0.9946	0.1202
151	1102	0	9	1.0000	0.9919	0.1205
151	1101	0	10	1.0000	0.9910	0.1206
151	1097	0	14	1.0000	0.9874	0.1210
151	1097	0	14	1.0000	0.9874	0.1210
151	1096	0	15	1.0000	0.9865	0.1211
151	1096	0	15	1.0000	0.9865	0.1211
151	1094	0	17	1.0000	0.9847	0.1213
151	1091	0	20	1.0000	0.9820	0.1216
151	1088	0	23	1.0000	0.9793	0.1219
151	1084	0	27	1.0000	0.9757	0.1223
151	1079	0	32	1.0000	0.9712	0.1228
151	1073	0	38	1.0000	0.9658	0.1234
151	1068	0	43	1.0000	0.9613	0.1239
151	1066	0	45	1.0000	0.9595	0.1241
151	1058	0	53	1.0000	0.9523	0.1249
151	1053	0	58	1.0000	0.9478	0.1254
151	1047	0	64	1.0000	0.9424	0.1260
151	1041	0	70	1.0000	0.9370	0.1267
151	1035	0	76	1.0000	0.9316	0.1273
151	1026	0	85	1.0000	0.9235	0.1283
151	1016	0	95	1.0000	0.9145	0.1294
151	1010	0	101	1.0000	0.9091	0.1301
151	1003	0	108	1.0000	0.9028	0.1308
151	994	0	117	1.0000	0.8947	0.1319
151	984	0	127	1.0000	0.8857	0.1330
151	971	0	140	1.0000	0.8740	0.1346
151	957	0	154	1.0000	0.8614	0.1363
151	947	0	164	1.0000	0.8524	0.1375
151	929	0	182	1.0000	0.8362	0.1398
151	921	0	190	1.0000	0.8290	0.1409
151	908	0	203	1.0000	0.8173	0.1426
151	889	0	222	1.0000	0.8002	0.1452
151	873	0	238	1.0000	0.7858	0.1475
151	849	0	262	1.0000	0.7642	0.1510
151	830	0	281	1.0000	0.7471	0.1539
151	809	0	302	1.0000	0.7282	0.1573
151	791	0	320	1.0000	0.7120	0.1603
151	767	0	344	1.0000	0.6904	0.1645
151	746	0	365	1.0000	0.6715	0.1683
151	726	0	385	1.0000	0.6535	0.1722
151	699	0	412	1.0000	0.6292	0.1776
151	675	0	436	1.0000	0.6076	0.1828
151	656	0	455	1.0000	0.5905	0.1871
151	643	0	468	1.0000	0.5788	0.1902
151	624	0	487	1.0000	0.5617	0.1948
151	612	0	499	1.0000	0.5509	0.1979
151	597	0	514	1.0000	0.5374	0.2019
151	580	0	531	1.0000	0.5221	0.2066
151	565	0	546	1.0000	0.5086	0.2109
151	554	0	557	1.0000	0.4986	0.2142
151	544	0	567	1.0000	0.4896	0.2173
151	535	0	576	1.0000	0.4815	0.2201
151	519	0	592	1.0000	0.4671	0.2254
151	509	0	602	1.0000	0.4581	0.2288
151	492	0	619	1.0000	0.4428	0.2348
151	477	0	634	1.0000	0.4293	0.2404
151	468	0	643	1.0000	0.4212	0.2439
151	450	0	661	1.0000	0.4050	0.2512
151	440	0	671	1.0000	0.3960	0.2555
151	421	0	690	1.0000	0.3789	0.2640
151	400	0	711	1.0000	0.3600	0.2740
151	386	0	725	1.0000	0.3474	0.2812
151	372	0	739	1.0000	0.3348	0.2887
151	349	0	762	1.0000	0.3141	0.3020
151	339	0	772	1.0000	0.3051	0.3082
151	319	0	792	1.0000	0.2871	0.3213
151	308	0	803	1.0000	0.2772	0.3290
151	292	0	819	1.0000	0.2628	0.3409
151	283	0	828	1.0000	0.2547	0.3479
151	272	0	839	1.0000	0.2448	0.3570
151	253	0	858	1.0000	0.2277	0.3738
151	231	0	880	1.0000	0.2079	0.3953
151	215	0	896	1.0000	0.1935	0.4126
151	200	0	911	1.0000	0.1800	0.4302
151	187	0	924	1.0000	0.1683	0.4467
151	180	0	931	1.0000	0.1620	0.4562
151	169	0	942	1.0000	0.1521	0.4719
151	162	0	949	1.0000	0.1458	0.4824
151	148	0	963	1.0000	0.1332	0.5050
151	141	0	970	1.0000	0.1269	0.5171
151	133	0	978	1.0000	0.1197	0.5317
151	124	0	987	1.0000	0.1116	0.5491
150	113	1	998	0.9934	0.1017	0.5703
150	108	1	1003	0.9934	0.0972	0.5814
150	101	1	1010	0.9934	0.0909	0.5976
149	90	2	1021	0.9868	0.0810	0.6234
148	82	3	1029	0.9801	0.0738	0.6435
147	75	4	1036	0.9735	0.0675	0.6622
146	69	5	1042	0.9669	0.0621	0.6791
145	65	6	1046	0.9603	0.0585	0.6905
144	64	7	1047	0.9536	0.0576	0.6923
143	59	8	1052	0.9470	0.0531	0.7079
142	54	9	1057	0.9404	0.0486	0.7245
142	52	9	1059	0.9404	0.0468	0.7320
140	48	11	1063	0.9272	0.0432	0.7447
139	45	12	1066	0.9205	0.0405	0.7554
133	43	18	1068	0.8808	0.0387	0.7557
133	42	18	1069	0.8808	0.0378	0.7600
130	40	21	1071	0.8609	0.0360	0.7647
128	37	23	1074	0.8477	0.0333	0.7758
122	34	29	1077	0.8079	0.0306	0.7821
121	30	30	1081	0.8013	0.0270	0.8013
118	25	33	1086	0.7815	0.0225	0.8252
115	20	36	1091	0.7616	0.0180	0.8519
111	17	40	1094	0.7351	0.0153	0.8672
104	16	47	1095	0.6887	0.0144	0.8667
99	14	52	1097	0.6556	0.0126	0.8761
98	10	53	1101	0.6490	0.0090	0.9074
93	7	58	1104	0.6159	0.0063	0.9300
89	7	62	1104	0.5894	0.0063	0.9271
81	5	70	1106	0.5364	0.0045	0.9419
75	5	76	1106	0.4967	0.0045	0.9375
68	4	83	1107	0.4503	0.0036	0.9444
63	4	88	1107	0.4172	0.0036	0.9403
60	2	91	1109	0.3974	0.0018	0.9677
53	2	98	1109	0.3510	0.0018	0.9636
48	1	103	1110	0.3179	0.0009	0.9796
43	1	108	1110	0.2848	0.0009	0.9773
41	0	110	1111	0.2715	0.0000	1.0000
39	0	112	1111	0.2583	0.0000	1.0000
35	0	116	1111	0.2318	0.0000	1.0000
31	0	120	1111	0.2053	0.0000	1.0000
28	0	123	1111	0.1854	0.0000	1.0000
24	0	127	1111	0.1589	0.0000	1.0000
23	0	128	1111	0.1523	0.0000	1.0000
20	0	131	1111	0.1325	0.0000	1.0000
16	0	135	1111	0.1060	0.0000	1.0000
13	0	138	1111	0.0861	0.0000	1.0000
11	0	140	1111	0.0728	0.0000	1.0000
8	0	143	1111	0.0530	0.0000	1.0000
6	0	145	1111	0.0397	0.0000	1.0000
5	0	146	1111	0.0331	0.0000	1.0000
1	0	150	1111	0.0066	0.0000	1.0000
1	0	150	1111	0.0066	0.0000	1.0000
1	0	150	1111	0.0066	0.0000	1.0000
1	0	150	1111	0.0066	0.0000	1.0000
1	0	150	1111	0.0066	0.0000	1.0000
0	0	151	1111	0.0000	0.0000	-nan
