X	Y	Z	P	R	Ya
0	0	0	0	0	0
0	0	0	0	0	0
0	0	0	0	0	0
0	0	0	0	0	0
0	0	0	0	0	0
0	0	0	0	0	0
0	0	0	0	0	0
0	0	0	0	0	0
0	0	0	0	0	0
0	0	0	0	0	0
0	0	0	0	0	0
0	0	0	0	0	0
0	0	0	0	0	0
0	0	0	0	0	0
0	0	0	0	0	0
0	0	0	0	0	0
0	0	0	0	0	0
0	0	0	0	0	0
0	0	0	0	0	0
0	0	0	0	0	0
0	0	0	0	0	0
0	0	0	0	0	0
0	0	0	0	0	22
0	23	0	0	0	23
0	24	0	0	0	24
0	25	0	0	0	25
0	26	0	0	0	26
0	27	0	0	0	27
0	28	0	0	0	28
0	29	0	0	0	29
0	30	0	0	0	30
31	31	0	0	0	31
32	32	0	0	0	32
33	33	0	0	0	33
34	34	0	0	0	34
35	35	0	0	0	35
36	36	0	0	0	36
37	37	0	0	0	37
38	38	0	0	0	38
39	39	0	0	0	39
40	40	0	0	0	40
41	41	0	0	0	41
42	42	0	0	0	42
43	43	0	0	0	43
44	44	0	0	0	44
45	45	0	0	0	45
46	46	0	0	0	46
47	47	0	0	0	47
48	48	0	0	0	48
49	49	0	0	0	49
50	50	0	0	0	50
51	51	0	0	0	51
52	52	0	0	0	52
53	53	0	0	0	0
54	54	0	0	0	0
55	55	0	0	0	0
56	56	0	0	0	0
57	57	0	0	0	0
58	58	0	0	0	0
59	59	0	0	0	0
60	60	0	0	0	0
61	61	0	0	0	0
62	62	0	0	0	0
63	63	0	0	0	0
64	64	0	0	0	0
65	65	0	0	0	0
66	66	0	0	0	0
67	67	0	0	0	0
68	68	0	0	0	0
69	69	0	0	0	0
70	70	0	0	0	0
71	71	0	0	0	0
72	72	0	0	0	0
73	73	0	0	0	0
74	74	0	0	0	0
75	75	0	0	0	0
76	76	0	0	0	0
77	77	0	0	0	0
78	78	0	0	0	0
79	79	0	0	0	0
80	80	0	0	0	0
81	81	0	0	0	0
82	82	0	0	0	0
83	83	0	0	0	0
84	84	0	0	0	0
85	85	0	0	0	0
86	86	0	0	0	0
87	87	0	0	0	0
88	88	0	0	0	0
89	89	0	0	0	0
90	90	0	0	0	0
91	91	0	0	0	0
92	92	0	0	0	0
93	93	0	0	0	0
94	94	0	0	0	0
95	95	0	0	0	0
96	96	0	0	0	0
97	97	0	0	0	0
98	98	0	0	0	0
99	99	0	0	0	0
100	100	0	0	0	0
101	101	0	0	0	0
102	102	0	0	0	0
103	103	0	0	0	0
104	104	0	0	0	0
105	105	0	0	0	0
106	106	0	0	0	0
107	107	0	0	0	0
108	108	0	0	0	0
109	109	0	0	0	0
110	110	0	0	0	0
111	111	0	0	0	0
112	112	0	0	0	0
113	113	0	0	0	0
114	114	0	0	0	0
115	115	0	0	0	0
116	116	0	0	0	0
117	117	0	0	0	117
118	118	0	0	0	118
119	119	0	0	0	119
120	120	0	0	0	120
121	121	0	0	0	121
122	122	0	0	0	122
123	123	0	0	0	123
124	0	0	0	0	124
125	0	0	0	0	125
126	0	0	0	0	126
127	0	0	0	0	127
128	0	0	0	0	128
129	0	0	0	0	129
130	130	0	0	0	130
131	131	0	0	0	131
0	132	0	0	0	132
0	133	0	0	0	133
0	134	0	0	0	134
0	135	0	0	0	135
0	136	0	0	0	136
0	137	0	0	0	137
0	138	0	0	0	138
0	139	0	0	0	139
0	140	0	0	0	140
0	141	0	0	0	141
0	142	0	0	0	142
0	143	0	0	0	143
0	144	0	0	0	0
0	145	0	0	0	0
0	146	0	0	0	0
0	147	0	0	0	0
0	148	0	0	0	0
0	149	0	0	0	0
0	150	0	0	0	0
0	151	0	0	0	0
0	152	0	0	0	0
0	153	0	0	0	0
0	154	0	0	0	0
0	155	0	0	0	0
0	156	0	0	0	0
0	157	0	0	0	0
0	158	0	0	0	0
0	159	0	0	0	0
0	160	0	0	0	0
0	161	0	0	0	0
0	162	0	0	0	0
0	163	0	0	0	0
0	164	0	0	0	0
0	165	0	0	0	0
0	166	0	0	0	0
0	167	0	0	0	0
0	168	0	0	0	0
0	169	0	0	0	0
0	170	0	0	0	0
0	171	0	0	0	0
0	172	0	0	0	0
0	173	0	0	0	0
0	174	0	0	0	0
0	175	0	0	0	0
0	176	0	0	0	0
0	177	0	0	0	0
0	178	0	0	0	0
0	179	0	0	0	0
0	180	0	0	0	0
0	181	0	0	0	0
0	182	0	0	0	0
0	183	0	0	0	0
0	184	0	0	0	0
0	185	0	0	0	0
0	186	0	0	0	0
0	187	0	0	0	0
0	188	0	0	0	0
0	189	0	0	0	0
0	190	0	0	0	0
0	191	0	0	0	0
0	192	0	0	0	0
0	193	0	0	0	0
0	194	0	0	0	0
0	195	0	0	0	0
0	196	0	0	0	0
0	197	0	0	0	0
0	198	0	0	0	0
0	199	0	0	0	0
0	200	0	0	0	0
0	201	0	0	0	0
0	202	0	0	0	0
0	203	0	0	0	0
0	204	0	0	0	0
0	205	0	0	0	0
0	206	0	0	0	0
0	207	0	0	0	0
0	208	0	0	0	0
0	209	0	0	0	0
0	210	0	0	0	0
0	211	0	0	0	0
0	212	0	0	0	0
0	213	0	0	0	0
0	214	0	0	0	0
0	215	0	0	0	0
0	216	0	0	0	0
0	217	0	0	0	0
0	218	0	0	0	0
0	219	0	0	0	0
0	220	0	0	0	0
0	221	0	0	0	0
0	222	0	0	0	0
0	223	0	0	0	223
0	224	0	0	0	224
0	225	0	0	0	225
0	226	0	0	0	226
227	227	0	0	0	227
228	228	0	0	0	228
229	229	0	0	0	229
230	230	0	0	0	230
231	231	0	0	0	231
232	232	0	0	0	232
233	233	0	0	0	233
234	234	0	0	0	234
235	235	0	0	0	235
236	236	0	0	0	236
237	237	0	0	0	237
238	238	0	0	0	238
239	239	0	0	0	0
240	240	0	0	0	0
241	241	0	0	0	0
242	242	0	0	0	0
243	243	0	0	0	0
244	244	0	0	0	0
245	245	0	0	0	0
246	246	0	0	0	0
247	247	0	0	0	0
248	248	0	0	0	0
249	249	0	0	0	0
250	250	0	0	0	0
251	251	0	0	0	0
252	252	0	0	0	0
253	253	0	0	0	0
254	254	0	0	0	0
255	255	0	0	0	0
256	256	0	0	0	0
257	257	0	0	0	0
258	258	0	0	0	0
259	259	0	0	0	0
260	260	0	0	0	0
261	261	0	0	0	0
262	262	0	0	0	0
263	263	0	0	0	0
264	264	0	0	0	0
265	265	0	0	0	0
266	266	0	0	0	0
267	267	0	0	0	0
268	268	0	0	0	0
269	269	0	0	0	0
270	270	0	0	0	0
271	271	0	0	0	0
272	272	0	0	0	0
273	273	0	0	0	0
274	274	0	0	0	0
275	275	0	0	0	0
276	276	0	0	0	0
277	277	0	0	0	0
278	278	0	0	0	0
279	279	0	0	0	0
280	280	0	0	0	0
281	281	0	0	0	0
282	282	0	0	0	0
283	283	0	0	0	0
284	284	0	0	0	0
285	285	0	0	0	0
286	286	0	0	0	0
287	287	0	0	0	0
288	288	0	0	0	0
289	289	0	0	0	0
290	290	0	0	0	0
291	291	0	0	0	0
292	292	0	0	0	0
293	293	0	0	0	0
294	294	0	0	0	0
295	295	0	0	0	0
296	296	0	0	0	0
297	297	0	0	0	0
298	298	0	0	0	0
299	299	0	0	0	0
300	300	0	0	0	0
301	301	0	0	0	0
302	302	0	0	0	0
303	303	0	0	0	0
304	304	0	0	0	0
305	305	0	0	0	0
306	306	0	0	0	0
307	307	0	0	0	0
308	308	0	0	0	0
309	309	0	0	0	0
310	310	0	0	0	0
311	311	0	0	0	0
312	312	0	0	0	0
313	313	0	0	0	0
314	314	0	0	0	0
315	315	0	0	0	0
316	316	0	0	0	0
317	317	0	0	0	0
318	318	0	0	0	0
319	319	0	0	0	0
320	320	0	0	0	0
321	321	0	0	0	0
322	322	0	0	0	0
323	323	0	0	0	0
324	324	0	0	0	0
325	325	0	0	0	0
326	326	0	0	0	0
327	327	0	0	0	0
328	328	0	0	0	0
329	329	0	0	0	0
330	330	0	0	0	0
0	331	0	0	0	0
0	332	0	0	0	0
0	333	0	0	0	0
0	334	0	0	0	0
0	335	0	0	0	0
0	336	0	0	0	0
0	337	0	0	0	0
0	338	0	0	0	0
0	339	0	0	0	0
0	340	0	0	0	0
0	341	0	0	0	0
0	342	0	0	0	0
0	343	0	0	0	0
0	344	0	0	0	0
0	345	0	0	0	0
0	346	0	0	0	0
0	347	0	0	0	0
0	348	0	0	0	0
0	349	0	0	0	0
0	350	0	0	0	0
0	351	0	0	0	0
0	352	0	0	0	0
0	353	0	0	0	0
0	354	0	0	0	0
0	355	0	0	0	0
0	356	0	0	0	0
0	357	0	0	0	0
0	358	0	0	0	0
0	359	0	0	0	0
0	360	0	0	0	0
0	361	0	0	0	0
0	362	0	0	0	0
0	363	0	0	0	0
0	364	0	0	0	0
0	365	0	0	0	0
0	366	0	0	0	0
0	367	0	0	0	0
0	368	0	0	0	0
0	369	0	0	0	0
0	370	0	0	0	0
0	371	0	0	0	0
0	372	0	0	0	0
0	373	0	0	0	0
0	374	0	0	0	0
0	375	0	0	0	0
0	376	0	0	0	0
0	377	0	0	0	0
0	378	0	0	0	0
0	379	379	0	0	0
0	380	380	0	0	0
0	381	381	0	0	0
0	382	382	0	0	0
0	383	383	0	0	383
0	384	384	384	0	384
0	385	385	385	385	385
0	386	386	386	386	386
0	387	387	387	387	387
388	388	388	388	388	388
389	389	389	389	389	389
390	390	390	390	390	390
391	391	391	391	391	391
392	392	392	392	392	392
393	393	393	393	393	393
394	394	394	394	394	394
395	395	395	395	395	395
396	396	396	396	396	396
397	397	397	397	397	397
398	398	398	398	398	398
399	399	399	399	399	399
400	400	400	400	400	400
401	401	401	401	401	401
402	402	402	402	402	402
403	403	403	403	403	403
404	404	404	404	404	404
405	405	405	405	405	405
406	0	406	406	406	406
407	0	407	0	407	407
408	0	408	0	408	408
409	0	409	0	409	409
410	0	410	0	0	410
411	0	0	0	0	411
412	0	0	0	0	412
413	0	0	0	0	413
414	0	0	0	0	414
415	0	0	0	0	415
416	0	0	0	0	416
417	0	0	0	0	417
418	0	0	0	0	418
419	0	0	0	0	419
420	0	0	0	0	420
421	0	0	0	0	421
422	0	0	0	0	422
423	0	0	0	0	423
424	0	0	0	0	424
425	0	0	0	0	425
426	0	0	0	0	426
427	0	0	0	0	427
428	0	0	0	0	428
429	0	0	0	0	429
430	0	0	0	0	430
431	0	0	0	0	431
432	0	0	0	0	432
433	0	0	0	0	433
434	0	0	0	0	434
435	0	0	0	0	435
436	0	0	0	0	436
437	0	0	0	0	437
438	0	0	0	0	438
439	0	0	0	0	439
440	0	0	0	0	0
441	0	0	0	0	0
442	0	0	0	0	0
443	0	0	0	0	0
444	0	0	0	0	0
445	0	0	0	0	0
446	0	0	0	0	0
447	0	0	0	0	0
448	0	0	0	0	0
449	0	0	0	0	0
450	0	0	0	0	0
451	0	0	451	0	0
452	0	0	452	0	0
453	0	0	453	0	0
454	0	0	454	0	0
455	0	0	455	0	0
456	0	0	456	0	0
457	0	0	457	0	0
458	0	0	458	0	0
459	0	0	459	0	0
460	0	0	460	0	0
461	0	0	461	0	0
462	0	0	462	0	462
463	0	0	463	463	463
464	0	0	464	464	464
465	0	0	465	465	465
466	0	0	466	466	466
467	0	0	467	467	467
468	0	0	468	468	468
469	0	0	469	469	469
470	0	0	470	470	470
471	0	0	471	471	471
472	0	0	472	472	472
473	0	0	473	473	473
474	0	0	474	474	474
475	0	0	475	475	475
476	0	0	476	476	476
477	0	0	477	477	477
478	0	0	478	478	478
479	0	0	479	479	479
480	0	0	480	480	480
481	0	0	481	481	481
482	0	0	482	482	482
483	0	0	483	483	483
484	0	0	484	484	484
485	0	0	485	485	485
486	0	0	486	486	486
487	0	0	487	487	487
488	0	0	488	488	488
489	0	0	489	489	489
490	0	0	490	490	490
491	0	0	0	491	491
492	0	0	0	492	492
493	0	0	0	493	493
494	0	0	0	494	494
495	0	0	0	495	495
496	0	0	0	496	0
497	0	0	0	0	0
498	0	0	0	0	0
499	0	0	0	0	0
500	0	0	0	0	0
501	0	0	0	0	0
502	0	0	0	0	0
503	0	0	0	0	0
504	0	0	0	0	0
505	0	0	0	0	0
506	0	0	0	0	0
507	0	0	0	0	0
508	0	0	0	0	0
509	0	0	0	0	0
510	0	0	0	0	0
511	0	0	0	0	0
512	0	0	0	0	0
513	0	0	0	0	0
514	0	0	0	0	0
515	0	0	0	0	0
516	0	0	0	0	0
517	0	0	0	0	0
518	0	0	0	0	0
519	0	0	0	0	0
520	0	0	0	0	0
521	0	0	0	0	0
522	0	0	0	0	0
523	0	0	0	0	0
524	0	0	0	0	0
525	0	0	0	0	0
526	0	0	0	0	0
527	0	0	0	0	0
528	0	0	0	0	0
529	0	0	0	0	0
530	0	0	0	0	0
531	0	0	0	0	0
532	0	0	0	0	0
533	0	0	0	0	0
534	0	0	0	0	0
535	0	0	0	0	0
536	0	0	0	0	0
537	0	0	0	0	0
538	0	0	0	0	0
539	0	0	0	0	0
540	0	0	0	0	0
541	0	0	0	0	0
542	0	0	0	0	0
543	0	0	0	0	0
544	0	0	0	0	0
545	0	0	0	0	0
546	0	0	0	0	0
547	0	0	0	0	0
548	0	0	0	0	0
549	0	0	0	0	0
550	0	0	0	0	0
551	0	0	0	0	0
552	0	0	0	0	0
553	0	0	0	0	0
554	0	0	0	0	0
555	0	0	0	0	0
556	0	0	0	0	0
557	0	0	0	0	0
558	0	0	0	0	0
559	0	0	0	0	0
560	0	0	0	0	0
561	0	0	0	0	0
562	0	0	0	0	0
563	0	0	0	0	0
564	0	0	0	0	0
565	0	0	0	0	0
566	0	0	0	0	0
567	0	0	0	0	0
568	0	0	0	0	0
569	0	0	0	0	0
570	0	0	0	0	0
571	0	0	0	0	0
572	0	0	0	0	0
573	0	0	0	0	0
574	0	0	0	0	0
575	0	0	0	0	0
576	0	0	0	0	0
577	0	0	0	0	0
578	0	0	0	0	0
579	0	0	0	0	0
580	0	0	0	0	0
581	0	0	0	0	0
582	0	0	0	0	0
583	0	0	0	0	0
584	0	0	0	0	0
585	0	0	0	0	0
586	0	0	0	0	0
587	0	0	0	0	0
588	0	0	0	0	0
589	0	0	0	0	0
590	0	0	0	0	0
591	0	0	0	0	0
592	0	0	0	0	0
593	0	0	0	0	0
594	0	0	0	0	0
595	0	0	0	0	0
596	0	0	0	0	0
597	0	0	0	0	0
598	0	0	0	0	0
599	0	0	0	0	0
600	0	0	0	0	0
601	0	0	0	0	0
602	0	0	0	0	0
603	0	0	0	0	0
604	0	0	0	0	0
605	0	0	0	0	0
606	0	0	0	0	0
607	0	0	0	0	0
608	0	0	0	0	0
609	0	0	0	0	0
610	0	0	0	0	0
611	0	0	0	0	0
612	0	0	0	0	0
613	0	0	0	0	0
614	0	0	0	0	0
615	0	0	0	0	0
616	0	0	0	0	0
617	0	0	0	0	0
618	0	0	0	0	0
619	0	0	0	0	0
620	0	0	0	0	0
621	0	0	0	0	621
622	0	0	0	0	622
623	0	0	0	0	623
624	0	0	0	0	624
625	0	0	0	0	625
626	0	0	0	0	626
627	0	0	0	0	627
628	0	0	0	0	628
629	0	0	0	0	629
630	0	0	0	0	630
631	0	0	0	0	631
632	0	0	0	0	632
633	0	0	0	0	633
634	0	0	0	0	634
635	0	0	0	0	635
636	0	0	0	0	636
637	0	0	0	0	637
638	0	0	0	0	638
639	0	0	0	0	639
640	0	0	0	0	640
641	0	0	0	0	641
642	0	0	0	0	642
643	0	0	0	0	643
644	0	0	0	0	644
645	0	0	0	0	645
646	0	0	0	0	646
647	0	0	0	0	647
648	0	0	0	0	648
649	0	0	0	0	649
650	0	0	0	0	650
651	0	0	0	0	651
652	0	0	0	0	652
0	0	0	0	0	653
0	0	0	0	0	654
0	0	0	0	0	655
0	0	0	0	0	656
0	0	0	0	0	657
0	0	0	0	0	658
0	0	0	0	0	659
0	0	0	0	0	660
0	0	0	0	0	661
0	0	0	0	0	662
0	0	0	0	0	663
0	0	0	0	0	664
0	0	0	0	0	665
0	0	0	0	0	666
0	0	0	0	0	667
0	0	0	0	0	0
0	0	0	0	0	0
0	0	0	0	0	0
0	0	0	0	0	0
0	0	0	0	0	0
0	0	0	0	0	0
0	0	0	0	0	0
0	0	0	0	0	0
0	0	0	0	0	0
0	0	0	0	0	0
0	0	0	0	0	0
0	0	0	0	0	0
0	0	0	0	0	0
0	0	0	0	0	0
0	0	0	0	0	0
0	0	0	0	0	0
0	0	0	0	0	0
0	0	0	0	0	0
0	0	0	0	0	0
0	0	0	0	0	0
0	0	0	0	0	0
0	0	0	0	0	0
0	0	0	0	0	0
0	0	0	0	0	0
0	0	0	0	0	0
0	0	0	0	0	0
0	0	0	0	0	0
0	0	0	0	0	0
0	0	0	0	0	0
0	0	0	0	0	0
0	0	0	0	0	0
0	0	0	0	0	0
0	0	0	0	0	0
0	0	0	0	0	0
0	0	0	0	0	0
0	0	0	0	0	0
0	0	0	0	0	0
0	0	0	0	0	0
0	0	0	0	0	0
0	0	0	0	0	0
0	0	0	0	0	0
0	0	0	0	0	0
0	0	0	0	0	0
0	0	0	0	0	0
0	0	0	0	0	0
0	0	0	0	0	0
0	0	0	0	0	0
0	0	0	0	0	0
0	0	0	0	0	0
0	0	0	0	0	0
0	0	0	0	0	0
0	0	0	0	0	0
0	0	0	0	0	0
0	0	0	0	0	0
0	0	0	0	0	0
0	0	0	0	0	0
0	0	0	0	0	0
0	0	0	0	0	0
0	0	0	0	0	0
0	0	0	0	0	0
0	0	0	0	0	0
0	0	0	0	0	0
0	0	0	0	0	0
0	0	0	0	0	0
0	0	0	0	0	0
0	0	0	0	0	0
0	0	0	0	0	0
0	0	0	0	0	0
0	0	0	0	0	0
0	0	0	0	0	0
0	0	0	0	0	0
0	0	0	0	0	0
0	0	0	0	0	0
0	0	0	0	0	741
0	0	0	0	0	742
0	0	0	0	0	743
0	0	0	0	0	744
0	0	0	0	0	745
0	0	0	0	0	746
0	0	0	0	0	747
0	0	0	0	0	748
0	0	0	0	0	749
0	0	0	0	0	750
0	0	0	0	0	751
0	0	0	0	0	752
0	0	0	0	0	753
0	0	0	0	0	754
0	0	0	0	0	755
0	0	0	0	0	756
0	0	0	0	0	757
0	0	0	0	0	758
0	0	0	0	0	759
0	0	0	0	0	760
0	0	0	0	0	761
0	0	0	0	0	762
0	0	0	0	0	763
0	0	0	0	0	764
0	0	0	0	0	765
0	0	0	0	0	766
0	0	0	0	0	767
0	0	0	0	0	768
0	0	0	0	0	769
0	0	0	0	0	770
0	0	0	0	0	771
0	0	0	0	0	772
0	0	0	0	0	773
0	0	0	0	0	774
0	0	0	0	0	775
0	0	0	0	0	776
0	0	0	0	0	777
0	0	0	0	0	0
0	0	0	0	0	0
0	0	0	0	0	0
0	0	0	0	0	0
0	0	0	0	0	0
0	0	0	0	0	0
0	0	0	0	0	0
0	0	0	0	0	0
0	0	0	0	0	0
0	0	0	0	0	0
0	0	0	0	0	0
0	0	0	0	0	0
0	0	0	0	0	0
0	0	0	0	0	0
0	0	0	0	0	0
0	0	0	0	0	0
0	0	0	0	0	0
0	0	0	0	0	0
0	0	0	0	0	0
0	0	0	0	0	0
0	0	0	0	0	0
0	0	0	0	0	0
0	0	0	0	0	0
0	0	0	0	0	0
0	0	0	0	0	0
0	0	0	0	0	0
0	0	0	0	0	0
0	0	0	0	0	0
0	0	0	0	0	0
0	0	0	0	0	0
0	0	0	0	0	0
0	0	0	0	0	0
0	0	0	0	0	0
0	0	0	0	0	0
0	0	0	0	0	0
0	0	0	0	0	0
0	0	0	0	0	0
0	0	0	0	0	0
0	0	0	0	0	0
0	0	0	0	0	0
0	0	0	0	0	0
0	0	0	0	0	0
0	0	0	0	0	0
0	0	0	0	0	0
0	0	0	0	0	0
0	0	0	0	0	0
0	0	0	0	0	0
0	0	0	0	0	0
0	0	0	0	0	0
0	0	0	0	0	0
0	0	0	0	0	0
0	0	0	0	0	0
0	0	0	0	0	0
0	0	0	0	0	0
0	0	0	0	0	0
0	0	0	0	0	0
0	0	0	0	0	0
0	0	0	0	0	0
0	0	0	0	0	0
0	0	0	0	0	0
0	0	0	0	0	0
0	0	0	0	0	0
0	0	0	0	0	0
0	0	0	0	0	0
0	0	0	0	0	0
0	0	0	0	0	0
0	0	0	0	0	0
0	0	0	0	0	0
0	0	0	0	0	0
0	0	0	0	0	0
0	0	0	0	0	0
0	0	0	0	0	0
0	0	0	0	0	0
0	0	0	0	0	0
0	0	0	0	0	0
0	0	0	0	0	0
0	0	0	854	0	0
0	0	0	855	0	0
0	0	0	856	0	0
0	857	0	857	0	0
0	858	0	858	0	0
0	859	0	859	0	0
0	860	0	860	0	0
0	861	861	861	0	861
0	862	862	862	0	862
0	863	863	863	0	863
0	864	864	864	0	864
0	865	865	865	0	865
0	866	866	866	0	866
0	867	867	867	0	867
0	868	868	868	868	868
0	869	869	869	869	869
0	870	870	870	870	870
0	871	871	871	871	871
0	872	872	872	872	872
0	873	873	873	873	873
0	874	874	874	874	874
0	875	875	875	875	875
0	876	876	876	876	876
0	877	877	877	877	877
0	878	878	878	878	878
0	879	879	879	879	879
0	880	880	880	880	880
0	881	881	881	881	881
0	882	882	882	882	882
0	883	883	883	883	883
0	884	884	884	884	884
0	885	885	885	885	885
0	886	886	886	886	886
0	887	887	887	887	887
0	888	888	888	888	888
0	889	889	889	889	889
0	890	890	890	890	890
0	891	891	891	891	891
0	892	892	892	892	892
0	893	893	893	0	0
0	894	894	894	0	0
0	895	895	895	0	0
0	896	896	896	0	0
0	897	897	897	0	0
0	898	898	0	0	0
0	899	899	0	0	0
0	900	900	0	0	0
0	901	901	0	0	0
0	902	902	0	0	0
0	903	903	0	0	0
0	904	904	0	0	0
0	905	905	0	0	0
0	906	906	0	0	0
0	907	907	0	0	0
0	908	908	0	0	0
0	909	909	0	0	0
0	910	910	0	0	0
0	911	911	0	0	0
0	912	912	0	0	0
0	913	913	0	0	0
0	914	914	0	0	0
0	915	915	0	0	0
0	916	916	0	0	0
0	917	917	0	0	0
0	918	918	0	0	0
0	919	919	0	0	0
0	920	920	0	0	0
0	921	921	0	0	0
0	922	922	0	0	0
0	923	923	0	0	0
0	924	924	0	0	0
0	925	925	0	0	0
0	926	926	0	0	0
0	927	927	0	0	0
0	928	928	0	0	0
0	929	929	0	0	0
0	930	930	0	0	0
0	931	931	0	0	0
0	932	932	0	0	0
0	933	933	0	0	0
0	934	934	0	0	0
0	935	935	0	0	0
0	936	936	0	0	0
0	937	937	0	0	0
0	938	938	0	0	0
0	939	939	0	0	0
0	940	940	0	0	0
0	941	941	0	0	0
0	942	942	0	0	0
0	943	943	0	0	0
0	944	944	0	0	0
0	945	945	0	0	0
0	946	946	0	0	0
0	947	947	0	0	0
0	948	948	0	0	0
0	949	949	0	0	0
0	950	950	0	0	0
0	951	951	0	0	0
0	952	952	0	0	0
0	953	953	0	0	0
0	954	954	0	0	0
0	955	955	955	0	0
0	956	956	956	0	0
0	957	957	957	0	0
0	958	958	958	0	0
0	959	959	959	0	0
0	960	960	960	0	0
0	961	961	961	0	0
0	962	962	962	0	0
0	963	963	963	0	0
0	964	964	964	0	0
0	965	965	965	0	0
0	966	966	966	0	0
0	967	967	967	0	0
0	968	968	968	0	0
0	969	969	969	0	0
0	970	970	970	0	0
0	971	971	971	0	0
0	972	972	972	0	0
0	973	973	973	0	0
0	974	974	974	0	0
0	975	975	975	0	0
0	976	976	976	0	0
0	977	977	977	0	0
0	978	978	978	0	0
0	979	979	979	0	0
0	980	980	980	0	0
0	981	981	981	0	0
0	982	982	982	0	0
0	983	983	983	0	0
0	984	984	984	0	0
0	985	985	985	0	0
0	986	986	986	0	0
0	987	987	987	0	0
0	988	988	988	0	0
0	989	0	989	0	0
0	990	0	990	0	0
0	991	0	991	0	0
0	992	0	992	0	0
0	993	0	993	0	0
0	0	0	994	0	0
0	0	0	995	0	0
0	0	0	996	0	0
0	0	0	997	0	0
0	0	0	998	0	0
0	0	0	0	0	0
0	0	0	0	0	0
0	0	0	0	0	0
0	0	0	0	0	0
0	0	0	0	0	0
0	0	0	0	0	0
0	0	0	0	0	0
0	0	0	0	0	0
0	0	0	0	0	0
0	0	0	0	0	0
0	0	0	0	0	0
0	0	0	0	0	0
0	0	0	0	0	0
0	0	0	0	0	0
0	0	0	0	0	0
0	0	0	0	0	0
0	0	0	0	0	0
0	0	0	0	0	0
0	0	0	0	0	0
0	0	0	0	0	0
0	0	0	0	0	0
0	0	0	0	0	0
0	0	0	0	0	0
0	0	0	0	0	0
0	0	0	0	0	0
0	0	0	0	0	0
0	0	0	0	0	0
0	0	0	0	0	0
0	0	0	0	0	0
0	0	0	0	0	0
0	0	0	0	0	0
0	0	0	0	0	0
0	0	0	0	0	0
0	0	0	0	0	0
0	0	0	0	0	0
0	0	0	0	0	0
0	0	0	0	0	0
0	0	0	0	0	0
0	0	0	0	0	0
0	0	0	0	0	0
0	0	0	0	0	0
0	0	0	0	0	0
0	0	0	0	0	0
0	0	0	0	0	0
0	0	0	0	0	0
0	0	0	0	0	0
0	0	0	0	0	0
0	0	0	0	0	0
0	0	0	0	0	0
0	0	0	0	0	0
0	0	0	0	0	0
0	0	0	0	0	0
0	0	0	0	0	0
0	0	0	0	0	0
0	0	0	0	0	0
0	0	0	0	0	0
0	0	0	0	0	0
0	0	0	0	0	0
0	0	0	0	0	0
0	0	0	0	1058	0
0	0	0	0	1059	0
0	0	0	0	1060	0
1061	0	0	0	1061	0
1062	0	0	0	1062	0
1063	0	0	0	1063	1063
1064	0	0	0	1064	1064
1065	0	1065	0	1065	1065
1066	0	1066	0	1066	1066
1067	0	1067	1067	1067	1067
1068	0	1068	1068	1068	1068
1069	0	1069	1069	1069	1069
1070	0	1070	1070	1070	1070
1071	0	1071	1071	1071	1071
1072	0	1072	1072	1072	1072
1073	0	1073	1073	1073	1073
1074	0	1074	1074	1074	1074
1075	0	1075	1075	1075	0
1076	0	1076	1076	1076	0
1077	0	1077	1077	1077	0
1078	0	1078	1078	1078	0
1079	0	1079	1079	1079	0
1080	0	1080	1080	1080	0
1081	0	1081	1081	1081	0
1082	0	1082	1082	1082	0
1083	0	1083	1083	1083	0
1084	0	1084	1084	1084	0
1085	0	1085	1085	1085	0
1086	0	1086	1086	1086	0
1087	0	1087	1087	1087	0
1088	0	1088	1088	1088	0
1089	0	1089	0	1089	0
1090	0	1090	0	1090	0
1091	0	1091	0	1091	0
1092	0	1092	0	1092	0
1093	0	1093	0	1093	0
1094	0	1094	0	1094	0
1095	0	1095	0	1095	0
1096	0	1096	0	1096	0
1097	0	1097	0	1097	0
1098	0	1098	0	1098	0
1099	0	1099	0	1099	0
1100	0	1100	0	0	0
1101	0	1101	0	0	0
1102	0	1102	0	0	0
1103	0	1103	0	0	0
1104	0	1104	0	0	0
1105	0	1105	0	0	0
1106	0	1106	0	0	0
1107	0	1107	0	0	0
1108	0	1108	0	0	0
1109	0	1109	0	0	0
1110	0	1110	0	0	0
1111	0	1111	0	0	0
1112	0	1112	0	0	0
1113	0	1113	0	0	0
1114	0	1114	0	0	0
1115	0	1115	0	0	0
1116	0	1116	0	0	0
1117	0	1117	0	0	0
1118	0	1118	0	0	0
1119	0	1119	0	0	0
1120	0	1120	0	0	0
1121	0	1121	0	0	0
1122	0	1122	0	0	0
1123	0	1123	0	0	0
1124	0	1124	0	0	0
1125	0	1125	0	0	0
1126	0	1126	0	0	0
1127	0	1127	0	0	0
1128	0	1128	0	0	0
1129	0	1129	0	0	0
1130	0	1130	0	0	0
1131	0	1131	0	0	0
1132	0	1132	0	0	0
1133	0	1133	0	0	0
1134	0	1134	0	0	0
1135	0	1135	0	0	0
1136	0	1136	0	0	0
1137	0	1137	0	0	0
1138	0	1138	0	0	0
1139	0	1139	0	0	0
1140	0	1140	0	0	0
1141	0	1141	0	0	0
1142	0	1142	0	0	0
1143	0	1143	0	0	0
1144	0	1144	0	0	0
1145	0	1145	0	0	0
1146	0	1146	0	0	0
1147	0	1147	0	0	0
1148	0	1148	0	0	0
1149	0	1149	0	0	0
1150	0	1150	0	0	0
1151	0	1151	0	0	0
1152	0	1152	0	0	0
1153	0	1153	0	0	0
1154	0	1154	0	0	0
1155	0	1155	0	0	0
1156	0	1156	0	0	0
1157	0	1157	0	1157	0
1158	0	1158	0	1158	0
1159	0	1159	0	1159	0
1160	0	1160	0	1160	0
1161	0	1161	0	1161	0
1162	0	1162	0	1162	0
1163	0	1163	0	1163	0
1164	0	1164	0	1164	0
1165	0	1165	0	1165	0
1166	0	1166	0	1166	0
1167	0	1167	0	1167	0
1168	0	1168	0	1168	0
1169	0	1169	0	1169	0
1170	0	1170	0	1170	0
1171	0	1171	0	1171	0
1172	0	1172	0	1172	0
1173	0	1173	0	1173	0
1174	0	1174	0	1174	0
1175	0	1175	0	1175	0
1176	0	1176	0	1176	0
1177	0	1177	0	1177	0
1178	0	1178	0	1178	0
1179	0	1179	0	1179	0
1180	0	1180	0	1180	0
1181	0	1181	0	1181	0
1182	0	1182	0	1182	0
1183	0	1183	0	1183	0
1184	0	1184	0	1184	0
1185	0	1185	0	1185	0
1186	0	1186	0	1186	0
1187	0	1187	0	1187	0
1188	0	1188	0	1188	0
1189	0	1189	0	1189	0
1190	0	1190	0	1190	0
1191	0	1191	0	1191	0
1192	0	1192	0	1192	0
1193	0	1193	0	1193	0
1194	0	1194	0	1194	0
1195	0	1195	0	1195	0
0	0	0	0	1196	0
0	0	0	0	0	0
0	0	0	0	0	0
0	0	0	0	0	0
0	0	0	0	0	0
0	0	0	0	0	0
0	0	0	0	0	0
0	0	0	0	0	0
0	0	0	0	0	0
0	0	0	0	0	0
0	0	0	0	0	0
0	0	0	0	0	0
0	0	0	0	0	0
0	0	0	0	0	0
0	0	0	0	0	0
0	0	0	0	0	0
0	0	0	0	0	0
0	0	0	0	0	0
0	0	0	0	0	0
0	0	0	0	0	0
0	0	0	0	0	0
0	0	0	0	0	0
0	0	0	0	0	0
0	0	0	0	0	0
0	0	0	0	0	0
0	0	0	0	0	0
0	0	0	0	0	0
0	0	0	0	0	0
0	0	0	0	0	0
0	0	0	0	0	0
0	0	0	0	0	0
0	0	0	0	0	0
0	0	0	0	0	0
0	0	0	0	0	0
0	0	0	0	0	0
0	0	0	0	0	0
0	0	0	0	0	0
0	0	0	0	0	0
0	0	0	0	0	0
0	0	0	0	0	0
0	0	0	0	0	0
0	0	0	0	0	0
0	0	0	0	0	0
0	0	0	0	0	0
0	0	0	0	0	0
0	0	0	0	0	0
0	0	0	0	0	0
0	0	0	0	0	0
0	0	0	0	0	0
0	0	0	0	0	0
0	0	0	0	0	0
0	0	0	0	0	0
0	0	0	0	0	0
0	0	0	0	0	0
