Thr	TP	FP	FN	TN	TPR	FPR	Acc
0	144	183	7	928	0.9536	0.1647	0.4404
1	144	183	7	928	0.9536	0.1647	0.4404
2	144	183	7	928	0.9536	0.1647	0.4404
3	144	183	7	928	0.9536	0.1647	0.4404
4	144	183	7	928	0.9536	0.1647	0.4404
5	144	183	7	928	0.9536	0.1647	0.4404
6	144	183	7	928	0.9536	0.1647	0.4404
7	144	183	7	928	0.9536	0.1647	0.4404
8	144	183	7	928	0.9536	0.1647	0.4404
9	144	183	7	928	0.9536	0.1647	0.4404
10	144	183	7	928	0.9536	0.1647	0.4404
11	144	183	7	928	0.9536	0.1647	0.4404
12	144	183	7	928	0.9536	0.1647	0.4404
13	144	183	7	928	0.9536	0.1647	0.4404
14	144	183	7	928	0.9536	0.1647	0.4404
15	144	183	7	928	0.9536	0.1647	0.4404
16	144	183	7	928	0.9536	0.1647	0.4404
17	144	183	7	928	0.9536	0.1647	0.4404
18	144	183	7	928	0.9536	0.1647	0.4404
19	144	183	7	928	0.9536	0.1647	0.4404
20	144	183	7	928	0.9536	0.1647	0.4404
21	144	183	7	928	0.9536	0.1647	0.4404
22	144	183	7	928	0.9536	0.1647	0.4404
23	144	183	7	928	0.9536	0.1647	0.4404
24	144	183	7	928	0.9536	0.1647	0.4404
25	144	183	7	928	0.9536	0.1647	0.4404
26	144	183	7	928	0.9536	0.1647	0.4404
27	144	183	7	928	0.9536	0.1647	0.4404
28	144	183	7	928	0.9536	0.1647	0.4404
29	144	183	7	928	0.9536	0.1647	0.4404
30	144	183	7	928	0.9536	0.1647	0.4404
31	144	183	7	928	0.9536	0.1647	0.4404
32	144	183	7	928	0.9536	0.1647	0.4404
33	144	183	7	928	0.9536	0.1647	0.4404
34	144	183	7	928	0.9536	0.1647	0.4404
35	144	183	7	928	0.9536	0.1647	0.4404
36	144	183	7	928	0.9536	0.1647	0.4404
37	144	183	7	928	0.9536	0.1647	0.4404
38	144	183	7	928	0.9536	0.1647	0.4404
39	144	183	7	928	0.9536	0.1647	0.4404
40	144	183	7	928	0.9536	0.1647	0.4404
41	144	183	7	928	0.9536	0.1647	0.4404
42	144	183	7	928	0.9536	0.1647	0.4404
43	144	183	7	928	0.9536	0.1647	0.4404
44	144	183	7	928	0.9536	0.1647	0.4404
45	144	183	7	928	0.9536	0.1647	0.4404
46	144	183	7	928	0.9536	0.1647	0.4404
47	144	183	7	928	0.9536	0.1647	0.4404
48	144	183	7	928	0.9536	0.1647	0.4404
49	144	183	7	928	0.9536	0.1647	0.4404
50	144	183	7	928	0.9536	0.1647	0.4404
51	144	183	7	928	0.9536	0.1647	0.4404
52	144	183	7	928	0.9536	0.1647	0.4404
53	144	183	7	928	0.9536	0.1647	0.4404
54	144	183	7	928	0.9536	0.1647	0.4404
55	144	183	7	928	0.9536	0.1647	0.4404
56	144	183	7	928	0.9536	0.1647	0.4404
57	144	183	7	928	0.9536	0.1647	0.4404
58	144	183	7	928	0.9536	0.1647	0.4404
59	144	183	7	928	0.9536	0.1647	0.4404
60	144	183	7	928	0.9536	0.1647	0.4404
61	144	183	7	928	0.9536	0.1647	0.4404
62	144	183	7	928	0.9536	0.1647	0.4404
63	144	183	7	928	0.9536	0.1647	0.4404
64	144	183	7	928	0.9536	0.1647	0.4404
65	144	183	7	928	0.9536	0.1647	0.4404
66	144	183	7	928	0.9536	0.1647	0.4404
67	144	183	7	928	0.9536	0.1647	0.4404
68	144	183	7	928	0.9536	0.1647	0.4404
69	144	183	7	928	0.9536	0.1647	0.4404
70	144	183	7	928	0.9536	0.1647	0.4404
71	144	183	7	928	0.9536	0.1647	0.4404
72	144	183	7	928	0.9536	0.1647	0.4404
73	144	183	7	928	0.9536	0.1647	0.4404
74	144	183	7	928	0.9536	0.1647	0.4404
75	144	183	7	928	0.9536	0.1647	0.4404
76	144	183	7	928	0.9536	0.1647	0.4404
77	144	183	7	928	0.9536	0.1647	0.4404
78	144	183	7	928	0.9536	0.1647	0.4404
79	144	183	7	928	0.9536	0.1647	0.4404
80	144	183	7	928	0.9536	0.1647	0.4404
81	144	183	7	928	0.9536	0.1647	0.4404
82	144	183	7	928	0.9536	0.1647	0.4404
83	144	183	7	928	0.9536	0.1647	0.4404
84	144	183	7	928	0.9536	0.1647	0.4404
85	144	183	7	928	0.9536	0.1647	0.4404
86	144	183	7	928	0.9536	0.1647	0.4404
87	144	183	7	928	0.9536	0.1647	0.4404
88	144	183	7	928	0.9536	0.1647	0.4404
89	144	183	7	928	0.9536	0.1647	0.4404
90	144	183	7	928	0.9536	0.1647	0.4404
91	144	183	7	928	0.9536	0.1647	0.4404
92	144	183	7	928	0.9536	0.1647	0.4404
93	144	183	7	928	0.9536	0.1647	0.4404
94	144	183	7	928	0.9536	0.1647	0.4404
95	144	183	7	928	0.9536	0.1647	0.4404
96	144	183	7	928	0.9536	0.1647	0.4404
97	144	183	7	928	0.9536	0.1647	0.4404
98	144	183	7	928	0.9536	0.1647	0.4404
99	144	183	7	928	0.9536	0.1647	0.4404
100	144	183	7	928	0.9536	0.1647	0.4404
101	144	183	7	928	0.9536	0.1647	0.4404
102	144	183	7	928	0.9536	0.1647	0.4404
103	144	183	7	928	0.9536	0.1647	0.4404
104	144	183	7	928	0.9536	0.1647	0.4404
105	144	183	7	928	0.9536	0.1647	0.4404
106	144	183	7	928	0.9536	0.1647	0.4404
107	144	183	7	928	0.9536	0.1647	0.4404
108	144	183	7	928	0.9536	0.1647	0.4404
109	144	183	7	928	0.9536	0.1647	0.4404
110	144	183	7	928	0.9536	0.1647	0.4404
111	144	183	7	928	0.9536	0.1647	0.4404
112	144	183	7	928	0.9536	0.1647	0.4404
113	144	183	7	928	0.9536	0.1647	0.4404
114	144	183	7	928	0.9536	0.1647	0.4404
115	144	183	7	928	0.9536	0.1647	0.4404
116	144	183	7	928	0.9536	0.1647	0.4404
117	144	183	7	928	0.9536	0.1647	0.4404
118	144	183	7	928	0.9536	0.1647	0.4404
119	144	183	7	928	0.9536	0.1647	0.4404
120	144	183	7	928	0.9536	0.1647	0.4404
121	144	183	7	928	0.9536	0.1647	0.4404
122	144	183	7	928	0.9536	0.1647	0.4404
123	144	183	7	928	0.9536	0.1647	0.4404
124	144	183	7	928	0.9536	0.1647	0.4404
125	144	183	7	928	0.9536	0.1647	0.4404
126	144	183	7	928	0.9536	0.1647	0.4404
127	144	183	7	928	0.9536	0.1647	0.4404
128	144	183	7	928	0.9536	0.1647	0.4404
129	144	183	7	928	0.9536	0.1647	0.4404
130	144	183	7	928	0.9536	0.1647	0.4404
131	144	183	7	928	0.9536	0.1647	0.4404
132	144	183	7	928	0.9536	0.1647	0.4404
133	144	183	7	928	0.9536	0.1647	0.4404
134	144	183	7	928	0.9536	0.1647	0.4404
135	144	183	7	928	0.9536	0.1647	0.4404
136	144	183	7	928	0.9536	0.1647	0.4404
137	144	183	7	928	0.9536	0.1647	0.4404
138	144	183	7	928	0.9536	0.1647	0.4404
139	144	183	7	928	0.9536	0.1647	0.4404
140	144	183	7	928	0.9536	0.1647	0.4404
141	144	183	7	928	0.9536	0.1647	0.4404
142	144	183	7	928	0.9536	0.1647	0.4404
143	144	183	7	928	0.9536	0.1647	0.4404
144	144	183	7	928	0.9536	0.1647	0.4404
145	144	183	7	928	0.9536	0.1647	0.4404
146	144	183	7	928	0.9536	0.1647	0.4404
147	144	183	7	928	0.9536	0.1647	0.4404
148	144	183	7	928	0.9536	0.1647	0.4404
149	144	183	7	928	0.9536	0.1647	0.4404
150	144	183	7	928	0.9536	0.1647	0.4404
151	144	183	7	928	0.9536	0.1647	0.4404
152	144	183	7	928	0.9536	0.1647	0.4404
153	144	183	7	928	0.9536	0.1647	0.4404
154	144	183	7	928	0.9536	0.1647	0.4404
155	144	183	7	928	0.9536	0.1647	0.4404
156	144	183	7	928	0.9536	0.1647	0.4404
157	144	183	7	928	0.9536	0.1647	0.4404
158	144	183	7	928	0.9536	0.1647	0.4404
159	144	183	7	928	0.9536	0.1647	0.4404
160	144	183	7	928	0.9536	0.1647	0.4404
161	144	183	7	928	0.9536	0.1647	0.4404
162	144	183	7	928	0.9536	0.1647	0.4404
163	144	183	7	928	0.9536	0.1647	0.4404
164	144	183	7	928	0.9536	0.1647	0.4404
165	144	183	7	928	0.9536	0.1647	0.4404
166	144	183	7	928	0.9536	0.1647	0.4404
167	144	182	7	929	0.9536	0.1638	0.4417
168	144	182	7	929	0.9536	0.1638	0.4417
169	144	182	7	929	0.9536	0.1638	0.4417
170	144	180	7	931	0.9536	0.1620	0.4444
171	144	179	7	932	0.9536	0.1611	0.4458
172	144	178	7	933	0.9536	0.1602	0.4472
173	144	175	7	936	0.9536	0.1575	0.4514
174	144	173	7	938	0.9536	0.1557	0.4543
175	144	169	7	942	0.9536	0.1521	0.4601
176	144	165	7	946	0.9536	0.1485	0.4660
177	144	159	7	952	0.9536	0.1431	0.4752
178	144	155	7	956	0.9536	0.1395	0.4816
179	144	152	7	959	0.9536	0.1368	0.4865
180	144	146	7	965	0.9536	0.1314	0.4966
181	144	135	7	976	0.9536	0.1215	0.5161
182	144	132	7	979	0.9536	0.1188	0.5217
183	144	123	7	988	0.9536	0.1107	0.5393
184	144	115	7	996	0.9536	0.1035	0.5560
185	144	107	7	1004	0.9536	0.0963	0.5737
186	144	107	7	1004	0.9536	0.0963	0.5737
187	144	100	7	1011	0.9536	0.0900	0.5902
188	144	90	7	1021	0.9536	0.0810	0.6154
189	144	77	7	1034	0.9536	0.0693	0.6516
190	144	72	7	1039	0.9536	0.0648	0.6667
191	144	64	7	1047	0.9536	0.0576	0.6923
192	144	56	7	1055	0.9536	0.0504	0.7200
193	144	53	7	1058	0.9536	0.0477	0.7310
194	144	48	7	1063	0.9536	0.0432	0.7500
195	144	43	7	1068	0.9536	0.0387	0.7701
196	144	36	7	1075	0.9536	0.0324	0.8000
197	144	34	7	1077	0.9536	0.0306	0.8090
198	144	31	7	1080	0.9536	0.0279	0.8229
199	144	27	7	1084	0.9536	0.0243	0.8421
200	143	23	8	1088	0.9470	0.0207	0.8614
201	143	21	8	1090	0.9470	0.0189	0.8720
202	143	15	8	1096	0.9470	0.0135	0.9051
203	142	11	9	1100	0.9404	0.0099	0.9281
204	141	11	10	1100	0.9338	0.0099	0.9276
205	141	8	10	1103	0.9338	0.0072	0.9463
206	140	7	11	1104	0.9272	0.0063	0.9524
207	139	7	12	1104	0.9205	0.0063	0.9521
208	138	6	13	1105	0.9139	0.0054	0.9583
209	137	4	14	1107	0.9073	0.0036	0.9716
210	136	2	15	1109	0.9007	0.0018	0.9855
211	136	1	15	1110	0.9007	0.0009	0.9927
212	134	0	17	1111	0.8874	0.0000	1.0000
213	133	0	18	1111	0.8808	0.0000	1.0000
214	127	0	24	1111	0.8411	0.0000	1.0000
215	127	0	24	1111	0.8411	0.0000	1.0000
216	124	0	27	1111	0.8212	0.0000	1.0000
217	122	0	29	1111	0.8079	0.0000	1.0000
218	116	0	35	1111	0.7682	0.0000	1.0000
219	115	0	36	1111	0.7616	0.0000	1.0000
220	112	0	39	1111	0.7417	0.0000	1.0000
221	109	0	42	1111	0.7219	0.0000	1.0000
222	105	0	46	1111	0.6954	0.0000	1.0000
223	98	0	53	1111	0.6490	0.0000	1.0000
224	93	0	58	1111	0.6159	0.0000	1.0000
225	92	0	59	1111	0.6093	0.0000	1.0000
226	87	0	64	1111	0.5762	0.0000	1.0000
227	84	0	67	1111	0.5563	0.0000	1.0000
228	77	0	74	1111	0.5099	0.0000	1.0000
229	71	0	80	1111	0.4702	0.0000	1.0000
230	65	0	86	1111	0.4305	0.0000	1.0000
231	60	0	91	1111	0.3974	0.0000	1.0000
232	57	0	94	1111	0.3775	0.0000	1.0000
233	51	0	100	1111	0.3377	0.0000	1.0000
234	46	0	105	1111	0.3046	0.0000	1.0000
235	42	0	109	1111	0.2781	0.0000	1.0000
236	40	0	111	1111	0.2649	0.0000	1.0000
237	38	0	113	1111	0.2517	0.0000	1.0000
238	34	0	117	1111	0.2252	0.0000	1.0000
239	30	0	121	1111	0.1987	0.0000	1.0000
240	27	0	124	1111	0.1788	0.0000	1.0000
241	23	0	128	1111	0.1523	0.0000	1.0000
242	22	0	129	1111	0.1457	0.0000	1.0000
243	19	0	132	1111	0.1258	0.0000	1.0000
244	15	0	136	1111	0.0993	0.0000	1.0000
245	12	0	139	1111	0.0795	0.0000	1.0000
246	11	0	140	1111	0.0728	0.0000	1.0000
247	8	0	143	1111	0.0530	0.0000	1.0000
248	6	0	145	1111	0.0397	0.0000	1.0000
249	5	0	146	1111	0.0331	0.0000	1.0000
250	1	0	150	1111	0.0066	0.0000	1.0000
251	1	0	150	1111	0.0066	0.0000	1.0000
252	1	0	150	1111	0.0066	0.0000	1.0000
253	1	0	150	1111	0.0066	0.0000	1.0000
254	1	0	150	1111	0.0066	0.0000	1.0000
255	0	0	151	1111	0.0000	0.0000	-nan
